0.0	0.0	0.0	0.0	-0.054	-0.0953	-0.1297	-0.174	-0.2012	-0.2283	-0.2555	-0.2827	-0.3098	-0.337	-0.3642	-0.3913	-0.4185	-0.4457	-0.4728	-0.5	-0.5	-0.5	-0.5	-0.5	-0.5	-0.5	-0.5	-0.5	-0.5	-0.46	-0.42	-0.38	-0.34	-0.3	-0.3	-0.4	-0.2	0.0	0.2	0.4	0.3	0.3	0.34	0.38	0.42	0.46	0.5	0.5	0.5	0.5	0.5	0.5	0.5	0.5	0.5	0.5	0.4728	0.4457	0.4185	0.3913	0.3642	0.337	0.3098	0.2827	0.2555	0.2283	0.2012	0.174	0.1297	0.0953	0.054	0.0	0.0	0.0	
0.1	0.0	0.0	0.0	-0.054	-0.0953	-0.1297	-0.174	-0.2012	-0.2283	-0.2555	-0.2827	-0.3098	-0.337	-0.3642	-0.3913	-0.4185	-0.4457	-0.4728	-0.5	-0.5	-0.5	-0.5	-0.5	-0.5	-0.5	-0.5	-0.5	-0.5	-0.46	-0.42	-0.38	-0.34	-0.3	-0.3	-0.4	-0.2	0.0	0.2	0.4	0.3	0.3	0.34	0.38	0.42	0.46	0.5	0.5	0.5	0.5	0.5	0.5	0.5	0.5	0.5	0.5	0.4728	0.4457	0.4185	0.3913	0.3642	0.337	0.3098	0.2827	0.2555	0.2283	0.2012	0.174	0.1297	0.0953	0.054	0.0	0.0	0.0	
0.2	0.0	0.0	0.0	-0.054	-0.0953	-0.1297	-0.174	-0.2012	-0.2283	-0.2555	-0.2827	-0.3098	-0.337	-0.3642	-0.3913	-0.4185	-0.4457	-0.4728	-0.5	-0.5	-0.5	-0.5	-0.5	-0.5	-0.5	-0.5	-0.5	-0.5	-0.46	-0.42	-0.38	-0.34	-0.3	-0.3	-0.4	-0.2	0.0	0.2	0.4	0.3	0.3	0.34	0.38	0.42	0.46	0.5	0.5	0.5	0.5	0.5	0.5	0.5	0.5	0.5	0.5	0.4728	0.4457	0.4185	0.3913	0.3642	0.337	0.3098	0.2827	0.2555	0.2283	0.2012	0.174	0.1297	0.0953	0.054	0.0	0.0	0.0	
0.3	0.0	0.0	0.0	-0.065	-0.1009	-0.1369	-0.174	-0.2012	-0.2283	-0.2555	-0.2827	-0.3098	-0.337	-0.3642	-0.3913	-0.4185	-0.4457	-0.4728	-0.5	-0.5	-0.5	-0.5	-0.5	-0.5	-0.5	-0.5	-0.5	-0.5	-0.46	-0.42	-0.38	-0.34	-0.3	-0.3	-0.4	-0.2	0.0	0.2	0.4	0.3	0.3	0.34	0.38	0.42	0.46	0.5	0.5	0.5	0.5	0.5	0.5	0.5	0.5	0.5	0.5	0.4728	0.4457	0.4185	0.3913	0.3642	0.337	0.3098	0.2827	0.2555	0.2283	0.2012	0.184	0.1369	0.1009	0.065	0.0	0.0	0.0	
0.4	0.0	0.0	0.0015	-0.073	-0.11	-0.1474	-0.174	-0.2012	-0.2283	-0.2555	-0.2827	-0.3098	-0.337	-0.3642	-0.3913	-0.4185	-0.4457	-0.4728	-0.5	-0.5	-0.5	-0.5	-0.5	-0.5	-0.5	-0.5	-0.5	-0.5	-0.46	-0.42	-0.38	-0.34	-0.3	-0.3	-0.4	-0.2	0.0	0.2	0.4	0.3	0.3	0.34	0.38	0.42	0.46	0.5	0.5	0.5	0.5	0.5	0.5	0.5	0.5	0.5	0.5	0.4728	0.4457	0.4185	0.3913	0.3642	0.337	0.3098	0.2827	0.2555	0.2283	0.2012	0.196	0.1474	0.11	0.073	-0.0015	0.0	0.0	
0.5	0.0	0.0	-0.002	-0.084	-0.1239	-0.164	-0.174	-0.2012	-0.2283	-0.2555	-0.2827	-0.3098	-0.337	-0.3642	-0.3913	-0.4185	-0.4457	-0.4728	-0.5	-0.5	-0.5	-0.5	-0.5	-0.5	-0.5	-0.5	-0.5	-0.5	-0.46	-0.42	-0.38	-0.34	-0.3	-0.3	-0.4	-0.2	0.0	0.2	0.4	0.3	0.3	0.34	0.38	0.42	0.46	0.5	0.5	0.5	0.5	0.5	0.5	0.5	0.5	0.5	0.5	0.4728	0.4457	0.4185	0.3913	0.3642	0.337	0.3098	0.2827	0.2555	0.2283	0.2012	0.214	0.164	0.1239	0.084	0.002	0.0	0.0	
0.6	0.0	0.0015	-0.032	-0.097	-0.136	-0.1793	-0.174	-0.2012	-0.2283	-0.2555	-0.2827	-0.3098	-0.337	-0.3642	-0.3913	-0.4185	-0.4457	-0.4728	-0.5	-0.5	-0.5	-0.5	-0.5	-0.5	-0.5	-0.5	-0.5	-0.5	-0.46	-0.42	-0.38	-0.34	-0.3	-0.3	-0.4	-0.2	0.0	0.2	0.4	0.3	0.3	0.34	0.38	0.42	0.46	0.5	0.5	0.5	0.5	0.5	0.5	0.5	0.5	0.5	0.5	0.4728	0.4457	0.4185	0.3913	0.3642	0.337	0.3098	0.2827	0.2555	0.2283	0.2012	0.235	0.1793	0.136	0.097	0.032	-0.0015	0.0	
0.7	0.0	-0.0105	-0.065	-0.111	-0.1479	-0.1936	-0.174	-0.2012	-0.2283	-0.2555	-0.2827	-0.3098	-0.337	-0.3642	-0.3913	-0.4185	-0.4457	-0.4728	-0.5	-0.5	-0.5	-0.5	-0.5	-0.5	-0.5	-0.5	-0.5	-0.5	-0.46	-0.42	-0.38	-0.34	-0.3	-0.3	-0.4	-0.2	0.0	0.2	0.4	0.3	0.3	0.34	0.38	0.42	0.46	0.5	0.5	0.5	0.5	0.5	0.5	0.5	0.5	0.5	0.5	0.4728	0.4457	0.4185	0.3913	0.3642	0.337	0.3098	0.2827	0.2555	0.2283	0.2012	0.25	0.1936	0.1479	0.111	0.065	0.0105	0.0	
0.8	0.0	-0.088	-0.142	-0.173	-0.1931	-0.2263	-0.174	-0.2012	-0.2283	-0.2555	-0.2827	-0.3098	-0.337	-0.3642	-0.3913	-0.4185	-0.4457	-0.4728	-0.5	-0.5	-0.5	-0.5	-0.5	-0.5	-0.5	-0.5	-0.5	-0.5	-0.46	-0.42	-0.38	-0.34	-0.3	-0.3	-0.4	-0.2	0.0	0.2	0.4	0.3	0.3	0.34	0.38	0.42	0.46	0.5	0.5	0.5	0.5	0.5	0.5	0.5	0.5	0.5	0.5	0.4728	0.4457	0.4185	0.3913	0.3642	0.337	0.3098	0.2827	0.2555	0.2283	0.2012	0.277	0.2263	0.1931	0.173	0.142	0.088	0.0165	
0.9	0.0	-0.1135	-0.163	-0.195	-0.2183	-0.2509	-0.174	-0.2012	-0.2283	-0.2555	-0.2827	-0.3098	-0.337	-0.3642	-0.3913	-0.4185	-0.4457	-0.4728	-0.5	-0.5	-0.5	-0.5	-0.5	-0.5	-0.5	-0.5	-0.5	-0.5	-0.46	-0.42	-0.38	-0.34	-0.3	-0.3	-0.4	-0.2	0.0	0.2	0.4	0.3	0.3	0.34	0.38	0.42	0.46	0.5	0.5	0.5	0.5	0.5	0.5	0.5	0.5	0.5	0.5	0.4728	0.4457	0.4185	0.3913	0.3642	0.337	0.3098	0.2827	0.2555	0.2283	0.2012	0.298	0.2509	0.2183	0.195	0.163	0.1135	0.0225	
1.0	0.0	-0.1135	-0.163	-0.195	-0.2183	-0.2509	-0.174	-0.2012	-0.2283	-0.2555	-0.2827	-0.3098	-0.337	-0.3642	-0.3913	-0.4185	-0.4457	-0.4728	-0.5	-0.5	-0.5	-0.5	-0.5	-0.5	-0.5	-0.5	-0.5	-0.5	-0.46	-0.42	-0.38	-0.34	-0.3	-0.3	-0.4	-0.2	0.0	0.2	0.4	0.3	0.3	0.34	0.38	0.42	0.46	0.5	0.5	0.5	0.5	0.5	0.5	0.5	0.5	0.5	0.5	0.4728	0.4457	0.4185	0.3913	0.3642	0.337	0.3098	0.2827	0.2555	0.2283	0.2012	0.298	0.2509	0.2183	0.195	0.163	0.1135	0.0225	
