0.0	0.008	0.01	0.0174	0.102	0.2966	0.4342	0.562	0.7695	0.977	1.1845	1.392	1.527	1.662	1.752	1.842	1.902	1.962	1.992	2.022	2.022	2.022	1.937	1.852	1.752	1.652	1.4995	1.347	1.1945	1.042	0.857	0.672	0.487	0.302	0.242	0.132	0.062	0.022	0.062	0.132	0.242	0.302	0.487	0.672	0.857	1.042	1.1945	1.347	1.4995	1.652	1.752	1.852	1.937	2.022	2.022	2.022	1.992	1.962	1.902	1.842	1.752	1.662	1.527	1.392	1.1845	0.977	0.7695	0.562	0.4342	0.2966	0.102	0.0174	0.01	0.0082	
0.1	0.008	0.01	0.0174	0.102	0.2966	0.4342	0.562	0.7695	0.977	1.1845	1.392	1.527	1.662	1.752	1.842	1.902	1.962	1.992	2.022	2.022	2.022	1.937	1.852	1.752	1.652	1.4995	1.347	1.1945	1.042	0.857	0.672	0.487	0.302	0.242	0.132	0.062	0.022	0.062	0.132	0.242	0.302	0.487	0.672	0.857	1.042	1.1945	1.347	1.4995	1.652	1.752	1.852	1.937	2.022	2.022	2.022	1.992	1.962	1.902	1.842	1.752	1.662	1.527	1.392	1.1845	0.977	0.7695	0.562	0.4342	0.2966	0.102	0.0174	0.01	0.0082	
0.2	0.008	0.01	0.0177	0.1112	0.2976	0.4342	0.562	0.7695	0.977	1.1845	1.392	1.527	1.662	1.752	1.842	1.902	1.962	1.992	2.022	2.022	2.022	1.937	1.852	1.752	1.652	1.4995	1.347	1.1945	1.042	0.857	0.672	0.487	0.302	0.242	0.132	0.062	0.022	0.062	0.132	0.242	0.302	0.487	0.672	0.857	1.042	1.1945	1.347	1.4995	1.652	1.752	1.852	1.937	2.022	2.022	2.022	1.992	1.962	1.902	1.842	1.752	1.662	1.527	1.392	1.1845	0.977	0.7695	0.562	0.4342	0.2976	0.1112	0.0177	0.01	0.0082	
0.3	0.008	0.01	0.0203	0.1546	0.3028	0.4342	0.562	0.7695	0.977	1.1845	1.392	1.527	1.662	1.752	1.842	1.902	1.962	1.992	2.022	2.022	2.022	1.937	1.852	1.752	1.652	1.4995	1.347	1.1945	1.042	0.857	0.672	0.487	0.302	0.242	0.132	0.062	0.022	0.062	0.132	0.242	0.302	0.487	0.672	0.857	1.042	1.1945	1.347	1.4995	1.652	1.752	1.852	1.937	2.022	2.022	2.022	1.992	1.962	1.902	1.842	1.752	1.662	1.527	1.392	1.1845	0.977	0.7695	0.562	0.4342	0.3028	0.1546	0.0203	0.01	0.0082	
0.4	0.008	0.01	0.0313	0.1866	0.3081	0.4342	0.562	0.7695	0.977	1.1845	1.392	1.527	1.662	1.752	1.842	1.902	1.962	1.992	2.022	2.022	2.022	1.937	1.852	1.752	1.652	1.4995	1.347	1.1945	1.042	0.857	0.672	0.487	0.302	0.242	0.132	0.062	0.022	0.062	0.132	0.242	0.302	0.487	0.672	0.857	1.042	1.1945	1.347	1.4995	1.652	1.752	1.852	1.937	2.022	2.022	2.022	1.992	1.962	1.902	1.842	1.752	1.662	1.527	1.392	1.1845	0.977	0.7695	0.562	0.4342	0.3081	0.1866	0.0313	0.01	0.0082	
0.5	0.008	0.0105	0.0604	0.2124	0.3132	0.4342	0.562	0.7695	0.977	1.1845	1.392	1.527	1.662	1.752	1.842	1.902	1.962	1.992	2.022	2.022	2.022	1.937	1.852	1.752	1.652	1.4995	1.347	1.1945	1.042	0.857	0.672	0.487	0.302	0.242	0.132	0.062	0.022	0.062	0.132	0.242	0.302	0.487	0.672	0.857	1.042	1.1945	1.347	1.4995	1.652	1.752	1.852	1.937	2.022	2.022	2.022	1.992	1.962	1.902	1.842	1.752	1.662	1.527	1.392	1.1845	0.977	0.7695	0.562	0.4342	0.3132	0.2124	0.0604	0.0105	0.0082	
0.6	0.008	0.0127	0.0976	0.2296	0.3164	0.4342	0.562	0.7695	0.977	1.1845	1.392	1.527	1.662	1.752	1.842	1.902	1.962	1.992	2.022	2.022	2.022	1.937	1.852	1.752	1.652	1.4995	1.347	1.1945	1.042	0.857	0.672	0.487	0.302	0.242	0.132	0.062	0.022	0.062	0.132	0.242	0.302	0.487	0.672	0.857	1.042	1.1945	1.347	1.4995	1.652	1.752	1.852	1.937	2.022	2.022	2.022	1.992	1.962	1.902	1.842	1.752	1.662	1.527	1.392	1.1845	0.977	0.7695	0.562	0.4342	0.3164	0.2296	0.0976	0.0127	0.0082	
0.7	0.008	0.033	0.137	0.2482	0.3197	0.4342	0.562	0.7695	0.977	1.1845	1.392	1.527	1.662	1.752	1.842	1.902	1.962	1.992	2.022	2.022	2.022	1.937	1.852	1.752	1.652	1.4995	1.347	1.1945	1.042	0.857	0.672	0.487	0.302	0.242	0.132	0.062	0.022	0.062	0.132	0.242	0.302	0.487	0.672	0.857	1.042	1.1945	1.347	1.4995	1.652	1.752	1.852	1.937	2.022	2.022	2.022	1.992	1.962	1.902	1.842	1.752	1.662	1.527	1.392	1.1845	0.977	0.7695	0.562	0.4342	0.3197	0.2482	0.137	0.033	0.0082	
0.8	0.0114	0.0744	0.182	0.2776	0.3256	0.4342	0.562	0.7695	0.977	1.1845	1.392	1.527	1.662	1.752	1.842	1.902	1.962	1.992	2.022	2.022	2.022	1.937	1.852	1.752	1.652	1.4995	1.347	1.1945	1.042	0.857	0.672	0.487	0.302	0.242	0.132	0.062	0.022	0.062	0.132	0.242	0.302	0.487	0.672	0.857	1.042	1.1945	1.347	1.4995	1.652	1.752	1.852	1.937	2.022	2.022	2.022	1.992	1.962	1.902	1.842	1.752	1.662	1.527	1.392	1.1845	0.977	0.7695	0.562	0.4342	0.3256	0.2776	0.182	0.0744	0.0128	
0.9	0.0651	0.1064	0.2076	0.2948	0.3389	0.4387	0.562	0.7695	0.977	1.1845	1.392	1.527	1.662	1.752	1.842	1.902	1.962	1.992	2.022	2.022	2.022	1.937	1.852	1.752	1.652	1.4995	1.347	1.1945	1.042	0.857	0.672	0.487	0.302	0.242	0.132	0.062	0.022	0.062	0.132	0.242	0.302	0.487	0.672	0.857	1.042	1.1945	1.347	1.4995	1.652	1.752	1.852	1.937	2.022	2.022	2.022	1.992	1.962	1.902	1.842	1.752	1.662	1.527	1.392	1.1845	0.977	0.7695	0.562	0.4387	0.3389	0.2948	0.2076	0.1064	0.0655	
1.0	0.095	0.14	0.254	0.298	0.342	0.4398	0.562	0.7695	0.977	1.1845	1.392	1.527	1.662	1.752	1.842	1.902	1.962	1.992	2.022	2.022	2.022	1.937	1.852	1.752	1.652	1.4995	1.347	1.1945	1.042	0.857	0.672	0.487	0.302	0.242	0.132	0.062	0.022	0.062	0.132	0.242	0.302	0.487	0.672	0.857	1.042	1.1945	1.347	1.4995	1.652	1.752	1.852	1.937	2.022	2.022	2.022	1.992	1.962	1.902	1.842	1.752	1.662	1.527	1.392	1.1845	0.977	0.7695	0.562	0.4398	0.342	0.298	0.254	0.14	0.0955	
