0.0	0.0	0.5275	1.055	1.19	0.846	0.8844	0.99	1.0956	1.18	1.18	1.1527	1.0165	0.8802	0.744	0.6078	0.4715	0.3353	0.199	0.0628	-0.0735	-0.2097	-0.346	-0.4822	-0.6185	-0.7547	-0.891	-1.0	-1.0	-1.0	-1.0	-0.9186	-0.7829	-0.6471	-0.6757	-0.7452	-0.52	0.0	0.52	0.7452	0.6757	0.6471	0.7829	0.9186	1.0	1.0	1.0	1.0	0.891	0.7548	0.6185	0.4823	0.346	0.2098	0.0735	-0.0627	-0.199	-0.3352	-0.4715	-0.6077	-0.744	-0.8802	-1.0165	-1.1527	-1.18	-1.18	-1.0956	-0.99	-0.8844	-0.846	-1.19	-1.055	-0.5275	-0.0527	
0.1	0.0	0.5275	1.055	1.19	0.846	0.8844	0.99	1.0956	1.18	1.18	1.1527	1.0165	0.8802	0.744	0.6078	0.4715	0.3353	0.199	0.0628	-0.0735	-0.2097	-0.346	-0.4822	-0.6185	-0.7547	-0.891	-1.0	-1.0	-1.0	-1.0	-0.9186	-0.7829	-0.6471	-0.6757	-0.7452	-0.52	0.0	0.52	0.7452	0.6757	0.6471	0.7829	0.9186	1.0	1.0	1.0	1.0	0.891	0.7548	0.6185	0.4823	0.346	0.2098	0.0735	-0.0627	-0.199	-0.3352	-0.4715	-0.6077	-0.744	-0.8802	-1.0165	-1.1527	-1.18	-1.18	-1.0956	-0.99	-0.8844	-0.846	-1.19	-1.055	-0.5275	-0.0527	
0.2	0.0	0.5275	1.055	1.19	0.846	0.8844	0.99	1.0956	1.18	1.18	1.1527	1.0165	0.8802	0.744	0.6078	0.4715	0.3353	0.199	0.0628	-0.0735	-0.2097	-0.346	-0.4822	-0.6185	-0.7547	-0.891	-1.0	-1.0	-1.0	-1.0	-0.9186	-0.7829	-0.6471	-0.6757	-0.7452	-0.52	0.0	0.52	0.7452	0.6757	0.6471	0.7829	0.9186	1.0	1.0	1.0	1.0	0.891	0.7548	0.6185	0.4823	0.346	0.2098	0.0735	-0.0627	-0.199	-0.3352	-0.4715	-0.6077	-0.744	-0.8802	-1.0165	-1.1527	-1.18	-1.18	-1.0956	-0.99	-0.8844	-0.846	-1.19	-1.055	-0.5275	-0.0527	
0.3	0.0	0.55	1.1	1.09	0.8398	0.8922	0.99	1.0956	1.18	1.18	1.1527	1.0165	0.8802	0.744	0.6078	0.4715	0.3353	0.199	0.0628	-0.0735	-0.2097	-0.346	-0.4822	-0.6185	-0.7547	-0.891	-1.0	-1.0	-1.0	-1.0	-0.9186	-0.7829	-0.6471	-0.6757	-0.7452	-0.52	0.0	0.52	0.7452	0.6757	0.6471	0.7829	0.9186	1.0	1.0	1.0	1.0	0.891	0.7548	0.6185	0.4823	0.346	0.2098	0.0735	-0.0627	-0.199	-0.3352	-0.4715	-0.6077	-0.744	-0.8802	-1.0165	-1.1527	-1.18	-1.18	-1.0956	-0.995	-0.8922	-0.8398	-1.09	-1.01	-0.55	-0.055	
0.4	0.0	0.57	1.082	1.055	0.8589	0.9078	0.99	1.0956	1.18	1.18	1.1527	1.0165	0.8802	0.744	0.6078	0.4715	0.3353	0.199	0.0628	-0.0735	-0.2097	-0.346	-0.4822	-0.6185	-0.7547	-0.891	-1.0	-1.0	-1.0	-1.0	-0.9186	-0.7829	-0.6471	-0.6757	-0.7452	-0.52	0.0	0.52	0.7452	0.6757	0.6471	0.7829	0.9186	1.0	1.0	1.0	1.0	0.891	0.7548	0.6185	0.4823	0.346	0.2098	0.0735	-0.0627	-0.199	-0.3352	-0.4715	-0.6077	-0.744	-0.8802	-1.0165	-1.1527	-1.18	-1.18	-1.0956	-1.005	-0.9078	-0.8589	-1.055	-1.082	-0.57	-0.057	
0.5	0.0	0.6175	0.985	0.99	0.8756	0.9233	0.99	1.0956	1.18	1.18	1.1527	1.0165	0.8802	0.744	0.6078	0.4715	0.3353	0.199	0.0628	-0.0735	-0.2097	-0.346	-0.4822	-0.6185	-0.7547	-0.891	-1.0	-1.0	-1.0	-1.0	-0.9186	-0.7829	-0.6471	-0.6757	-0.7452	-0.52	0.0	0.52	0.7452	0.6757	0.6471	0.7829	0.9186	1.0	1.0	1.0	1.0	0.891	0.7548	0.6185	0.4823	0.346	0.2098	0.0735	-0.0627	-0.199	-0.3352	-0.4715	-0.6077	-0.744	-0.8802	-1.0165	-1.1527	-1.18	-1.18	-1.0956	-1.015	-0.9233	-0.8756	-0.99	-0.985	-0.6175	-0.0617	
0.6	0.0	0.657	0.91	0.98	0.8756	0.9233	0.99	1.0956	1.18	1.18	1.1527	1.0165	0.8802	0.744	0.6078	0.4715	0.3353	0.199	0.0628	-0.0735	-0.2097	-0.346	-0.4822	-0.6185	-0.7547	-0.891	-1.0	-1.0	-1.0	-1.0	-0.9186	-0.7829	-0.6471	-0.6757	-0.7452	-0.52	0.0	0.52	0.7452	0.6757	0.6471	0.7829	0.9186	1.0	1.0	1.0	1.0	0.891	0.7548	0.6185	0.4823	0.346	0.2098	0.0735	-0.0627	-0.199	-0.3352	-0.4715	-0.6077	-0.744	-0.8802	-1.0165	-1.1527	-1.18	-1.18	-1.0956	-1.015	-0.9233	-0.8756	-0.98	-0.91	-0.657	-0.068	
0.7	0.0	0.664	0.9	0.98	0.8756	0.9233	0.99	1.0956	1.18	1.18	1.1527	1.0165	0.8802	0.744	0.6078	0.4715	0.3353	0.199	0.0628	-0.0735	-0.2097	-0.346	-0.4822	-0.6185	-0.7547	-0.891	-1.0	-1.0	-1.0	-1.0	-0.9186	-0.7829	-0.6471	-0.6757	-0.7452	-0.52	0.0	0.52	0.7452	0.6757	0.6471	0.7829	0.9186	1.0	1.0	1.0	1.0	0.891	0.7548	0.6185	0.4823	0.346	0.2098	0.0735	-0.0627	-0.199	-0.3352	-0.4715	-0.6077	-0.744	-0.8802	-1.0165	-1.1527	-1.18	-1.18	-1.0956	-1.015	-0.9233	-0.8756	-0.98	-0.9	-0.664	-0.0782	
0.8	0.0	0.6615	0.805	0.79	0.6978	0.7911	0.99	1.0956	1.18	1.18	1.1527	1.0165	0.8802	0.744	0.6078	0.4715	0.3353	0.199	0.0628	-0.0735	-0.2097	-0.346	-0.4822	-0.6185	-0.7547	-0.891	-1.0	-1.0	-1.0	-1.0	-0.9186	-0.7829	-0.6471	-0.6757	-0.7452	-0.52	0.0	0.52	0.7452	0.6757	0.6471	0.7829	0.9186	1.0	1.0	1.0	1.0	0.891	0.7548	0.6185	0.4823	0.346	0.2098	0.0735	-0.0627	-0.199	-0.3352	-0.4715	-0.6077	-0.744	-0.8802	-1.0165	-1.1527	-1.18	-1.18	-1.0956	-0.93	-0.7911	-0.6978	-0.79	-0.805	-0.6615	-0.0988	
0.9	0.0	0.4945	0.73	0.73	0.6533	0.76	0.99	1.0956	1.18	1.18	1.1527	1.0165	0.8802	0.744	0.6078	0.4715	0.3353	0.199	0.0628	-0.0735	-0.2097	-0.346	-0.4822	-0.6185	-0.7547	-0.891	-1.0	-1.0	-1.0	-1.0	-0.9186	-0.7829	-0.6471	-0.6757	-0.7452	-0.52	0.0	0.52	0.7452	0.6757	0.6471	0.7829	0.9186	1.0	1.0	1.0	1.0	0.891	0.7548	0.6185	0.4823	0.346	0.2098	0.0735	-0.0627	-0.199	-0.3352	-0.4715	-0.6077	-0.744	-0.8802	-1.0165	-1.1527	-1.18	-1.18	-1.0956	-0.91	-0.76	-0.6533	-0.72	-0.73	-0.4945	-0.05	
1.0	0.0	0.4945	0.73	0.73	0.6533	0.76	0.99	1.0956	1.18	1.18	1.1527	1.0165	0.8802	0.744	0.6078	0.4715	0.3353	0.199	0.0628	-0.0735	-0.2097	-0.346	-0.4822	-0.6185	-0.7547	-0.891	-1.0	-1.0	-1.0	-1.0	-0.9186	-0.7829	-0.6471	-0.6757	-0.7452	-0.52	0.0	0.52	0.7452	0.6757	0.6471	0.7829	0.9186	1.0	1.0	1.0	1.0	0.891	0.7548	0.6185	0.4823	0.346	0.2098	0.0735	-0.0627	-0.199	-0.3352	-0.4715	-0.6077	-0.744	-0.8802	-1.0165	-1.1527	-1.18	-1.18	-1.0956	-0.91	-0.76	-0.6533	-0.72	-0.73	-0.4945	-0.05	
